Time S I R
0 699 1 300 
0 698.986 1.00398 300.01 
0.1 698.972 1.00797 300.02 
0.2 698.958 1.01199 300.03 
0.3 698.944 1.01601 300.04 
0.4 698.93 1.02005 300.051 
0.5 698.915 1.02411 300.061 
0.6 698.901 1.02819 300.071 
0.7 698.887 1.03228 300.081 
0.8 698.872 1.03638 300.092 
0.9 698.858 1.0405 300.102 
1 698.843 1.04464 300.113 
1.1 698.829 1.0488 300.123 
1.2 698.814 1.05297 300.134 
1.3 698.799 1.05715 300.144 
1.4 698.784 1.06136 300.155 
1.5 698.77 1.06558 300.166 
1.6 698.755 1.06981 300.176 
1.7 698.74 1.07406 300.187 
1.8 698.725 1.07833 300.198 
1.9 698.71 1.08262 300.209 
2 698.695 1.08692 300.219 
2.1 698.679 1.09124 300.23 
2.2 698.664 1.09557 300.241 
2.3 698.649 1.09993 300.252 
2.4 698.633 1.1043 300.263 
2.5 698.618 1.10868 300.274 
2.6 698.602 1.11309 300.286 
2.7 698.587 1.11751 300.297 
2.8 698.571 1.12195 300.308 
2.9 698.556 1.1264 300.319 
3 698.54 1.13087 300.331 
3.1 698.524 1.13536 300.342 
3.2 698.508 1.13987 300.353 
3.3 698.492 1.1444 300.365 
3.4 698.476 1.14894 300.376 
3.5 698.46 1.1535 300.388 
3.6 698.444 1.15808 300.399 
3.7 698.428 1.16267 300.411 
3.8 698.412 1.16729 300.423 
3.9 698.395 1.17192 300.434 
4 698.379 1.17657 300.446 
4.1 698.363 1.18124 300.458 
4.2 698.346 1.18592 300.47 
4.3 698.33 1.19063 300.482 
4.4 698.313 1.19535 300.494 
4.5 698.296 1.20009 300.506 
4.6 698.279 1.20485 300.518 
4.7 698.263 1.20963 300.53 
4.8 698.246 1.21442 300.542 
4.9 698.229 1.21924 300.554 
5 698.212 1.22407 300.566 
5.1 698.195 1.22892 300.579 
5.2 698.178 1.23379 300.591 
5.3 698.16 1.23868 300.603 
5.4 698.143 1.24359 300.616 
5.5 698.126 1.24852 300.628 
5.6 698.108 1.25347 300.641 
5.7 698.091 1.25843 300.653 
5.8 698.073 1.26342 300.666 
5.9 698.055 1.26842 300.679 
6 698.038 1.27345 300.691 
6.1 698.02 1.27849 300.704 
6.2 698.002 1.28355 300.717 
6.3 697.984 1.28864 300.73 
6.4 697.966 1.29374 300.743 
6.5 697.948 1.29886 300.756 
6.6 697.93 1.304 300.769 
6.7 697.912 1.30916 300.782 
6.8 697.894 1.31434 300.795 
6.9 697.875 1.31955 300.808 
7 697.857 1.32477 300.822 
7.1 697.838 1.33001 300.835 
7.2 697.82 1.33527 300.848 
7.3 697.801 1.34055 300.862 
7.4 697.782 1.34586 300.875 
7.5 697.764 1.35118 300.889 
7.6 697.745 1.35652 300.902 
7.7 697.726 1.36189 300.916 
7.8 697.707 1.36727 300.93 
7.9 697.688 1.37268 300.943 
8 697.669 1.37811 300.957 
8.1 697.649 1.38355 300.971 
8.2 697.63 1.38902 300.985 
8.3 697.611 1.39451 300.999 
8.4 697.591 1.40002 301.013 
8.5 697.572 1.40555 301.027 
8.6 697.552 1.41111 301.041 
8.7 697.532 1.41668 301.055 
8.8 697.513 1.42228 301.069 
8.9 697.493 1.4279 301.084 
9 697.473 1.43354 301.098 
9.1 697.453 1.4392 301.112 
9.2 697.433 1.44488 301.127 
9.3 697.413 1.45058 301.141 
9.4 697.392 1.45631 301.156 
9.5 697.372 1.46206 301.17 
9.6 697.352 1.46783 301.185 
9.7 697.331 1.47362 301.2 
9.8 697.311 1.47944 301.215 
9.9 697.29 1.48528 301.229 
10 697.269 1.49114 301.244 
10.1 697.249 1.49702 301.259 
10.2 697.228 1.50292 301.274 
10.3 697.207 1.50885 301.289 
10.4 697.186 1.5148 301.305 
10.5 697.165 1.52078 301.32 
10.6 697.143 1.52677 301.335 
10.7 697.122 1.53279 301.35 
10.8 697.101 1.53883 301.366 
10.9 697.079 1.5449 301.381 
11 697.058 1.55099 301.397 
11.1 697.036 1.5571 301.412 
11.2 697.014 1.56324 301.428 
11.3 696.993 1.56939 301.444 
11.4 696.971 1.57558 301.459 
11.5 696.949 1.58178 301.475 
11.6 696.927 1.58801 301.491 
11.7 696.905 1.59427 301.507 
11.8 696.882 1.60054 301.523 
11.9 696.86 1.60685 301.539 
12 696.838 1.61317 301.555 
12.1 696.815 1.61952 301.571 
12.2 696.793 1.6259 301.588 
12.3 696.77 1.63229 301.604 
12.4 696.747 1.63872 301.62 
12.5 696.724 1.64516 301.637 
12.6 696.701 1.65164 301.653 
12.7 696.678 1.65813 301.67 
12.8 696.655 1.66466 301.687 
12.9 696.632 1.6712 301.703 
13 696.609 1.67777 301.72 
13.1 696.585 1.68437 301.737 
13.2 696.562 1.69099 301.754 
13.3 696.538 1.69764 301.771 
13.4 696.515 1.70431 301.788 
13.5 696.491 1.71101 301.805 
13.6 696.467 1.71773 301.822 
13.7 696.443 1.72448 301.839 
13.8 696.419 1.73125 301.857 
13.9 696.395 1.73805 301.874 
14 696.371 1.74488 301.892 
14.1 696.347 1.75173 301.909 
14.2 696.322 1.75861 301.927 
14.3 696.298 1.76552 301.944 
14.4 696.273 1.77245 301.962 
14.5 696.248 1.7794 301.98 
14.6 696.224 1.78639 301.998 
14.7 696.199 1.7934 302.016 
14.8 696.174 1.80043 302.034 
14.9 696.149 1.80749 302.052 
15 696.124 1.81458 302.07 
15.1 696.098 1.8217 302.088 
15.2 696.073 1.82884 302.106 
15.3 696.048 1.83602 302.125 
15.4 696.022 1.84321 302.143 
15.5 695.996 1.85044 302.162 
15.6 695.971 1.85769 302.18 
15.7 695.945 1.86497 302.199 
15.8 695.919 1.87228 302.218 
15.9 695.893 1.87961 302.236 
16 695.867 1.88698 302.255 
16.1 695.84 1.89437 302.274 
16.2 695.814 1.90179 302.293 
16.3 695.787 1.90923 302.312 
16.4 695.761 1.91671 302.331 
16.5 695.734 1.92421 302.351 
16.6 695.707 1.93174 302.37 
16.7 695.681 1.9393 302.389 
16.8 695.654 1.94689 302.409 
16.9 695.626 1.95451 302.428 
17 695.599 1.96216 302.448 
17.1 695.572 1.96983 302.468 
17.2 695.545 1.97754 302.488 
17.3 695.517 1.98527 302.507 
17.4 695.489 1.99303 302.527 
17.5 695.462 2.00082 302.547 
17.6 695.434 2.00864 302.567 
17.7 695.406 2.01649 302.588 
17.8 695.378 2.02437 302.608 
17.9 695.35 2.03228 302.628 
18 695.322 2.04022 302.649 
18.1 695.293 2.04819 302.669 
18.2 695.265 2.05619 302.69 
18.3 695.236 2.06422 302.71 
18.4 695.207 2.07228 302.731 
18.5 695.179 2.08036 302.752 
18.6 695.15 2.08848 302.773 
18.7 695.121 2.09663 302.794 
18.8 695.091 2.10481 302.815 
18.9 695.062 2.11303 302.836 
19 695.033 2.12127 302.857 
19.1 695.003 2.12954 302.878 
19.2 694.974 2.13785 302.9 
19.3 694.944 2.14618 302.921 
19.4 694.914 2.15455 302.943 
19.5 694.884 2.16294 302.964 
19.6 694.854 2.17137 302.986 
19.7 694.824 2.17983 303.008 
19.8 694.794 2.18833 303.03 
19.9 694.763 2.19685 303.052 
20 694.733 2.20541 303.074 
20.1 694.702 2.214 303.096 
20.2 694.671 2.22262 303.118 
20.3 694.64 2.23127 303.14 
20.4 694.609 2.23995 303.163 
20.5 694.578 2.24867 303.185 
20.6 694.547 2.25742 303.208 
20.7 694.516 2.2662 303.231 
20.8 694.484 2.27502 303.253 
20.9 694.453 2.28386 303.276 
21 694.421 2.29274 303.299 
21.1 694.389 2.30166 303.322 
21.2 694.357 2.3106 303.345 
21.3 694.325 2.31958 303.368 
21.4 694.293 2.3286 303.392 
21.5 694.261 2.33764 303.415 
21.6 694.228 2.34673 303.439 
21.7 694.195 2.35584 303.462 
21.8 694.163 2.36499 303.486 
21.9 694.13 2.37417 303.509 
22 694.097 2.38339 303.533 
22.1 694.064 2.39264 303.557 
22.2 694.031 2.40192 303.581 
22.3 693.997 2.41124 303.605 
22.4 693.964 2.4206 303.63 
22.5 693.93 2.42998 303.654 
22.6 693.897 2.43941 303.678 
22.7 693.863 2.44887 303.703 
22.8 693.829 2.45836 303.727 
22.9 693.795 2.46789 303.752 
23 693.76 2.47745 303.777 
23.1 693.726 2.48705 303.802 
23.2 693.691 2.49668 303.827 
23.3 693.657 2.50635 303.852 
23.4 693.622 2.51606 303.877 
23.5 693.587 2.5258 303.902 
23.6 693.552 2.53558 303.927 
23.7 693.517 2.54539 303.953 
23.8 693.482 2.55524 303.978 
23.9 693.446 2.56513 304.004 
24 693.411 2.57505 304.03 
24.1 693.375 2.58501 304.056 
24.2 693.339 2.59501 304.082 
24.3 693.303 2.60504 304.108 
24.4 693.267 2.61511 304.134 
24.5 693.231 2.62521 304.16 
24.6 693.194 2.63536 304.186 
24.7 693.158 2.64554 304.213 
24.8 693.121 2.65576 304.239 
24.9 693.084 2.66601 304.266 
25 693.047 2.67631 304.293 
25.1 693.01 2.68664 304.32 
25.2 692.973 2.69701 304.347 
25.3 692.936 2.70741 304.374 
25.4 692.898 2.71786 304.401 
25.5 692.86 2.72834 304.428 
25.6 692.823 2.73886 304.456 
25.7 692.785 2.74942 304.483 
25.8 692.747 2.76002 304.511 
25.9 692.708 2.77066 304.538 
26 692.67 2.78134 304.566 
26.1 692.631 2.79205 304.594 
26.2 692.593 2.80281 304.622 
26.3 692.554 2.8136 304.65 
26.4 692.515 2.82443 304.679 
26.5 692.476 2.83531 304.707 
26.6 692.437 2.84622 304.735 
26.7 692.397 2.85717 304.764 
26.8 692.358 2.86816 304.793 
26.9 692.318 2.87919 304.821 
27 692.278 2.89027 304.85 
27.1 692.238 2.90138 304.879 
27.2 692.198 2.91253 304.909 
27.3 692.157 2.92372 304.938 
27.4 692.117 2.93496 304.967 
27.5 692.076 2.94623 304.997 
27.6 692.036 2.95755 305.026 
27.7 691.995 2.96891 305.056 
27.8 691.954 2.9803 305.086 
27.9 691.912 2.99174 305.116 
28 691.871 3.00322 305.146 
28.1 691.829 3.01474 305.176 
28.2 691.788 3.02631 305.206 
28.3 691.746 3.03791 305.236 
28.4 691.704 3.04956 305.267 
28.5 691.662 3.06125 305.297 
28.6 691.619 3.07298 305.328 
28.7 691.577 3.08476 305.359 
28.8 691.534 3.09657 305.39 
28.9 691.491 3.10843 305.421 
29 691.448 3.12034 305.452 
29.1 691.405 3.13228 305.484 
29.2 691.362 3.14427 305.515 
29.3 691.318 3.1563 305.547 
29.4 691.275 3.16837 305.578 
29.5 691.231 3.18049 305.61 
29.6 691.187 3.19265 305.642 
29.7 691.143 3.20486 305.674 
29.8 691.098 3.21711 305.706 
29.9 691.054 3.2294 305.739 
30 691.009 3.24174 305.771 
30.1 690.965 3.25412 305.804 
30.2 690.92 3.26654 305.836 
30.3 690.874 3.27901 305.869 
30.4 690.829 3.29153 305.902 
30.5 690.784 3.30409 305.935 
30.6 690.738 3.31669 305.968 
30.7 690.692 3.32934 306.001 
30.8 690.646 3.34204 306.035 
30.9 690.6 3.35478 306.068 
31 690.554 3.36756 306.102 
31.1 690.507 3.38039 306.136 
31.2 690.461 3.39327 306.17 
31.3 690.414 3.40619 306.204 
31.4 690.367 3.41916 306.238 
31.5 690.319 3.43217 306.272 
31.6 690.272 3.44524 306.307 
31.7 690.224 3.45834 306.341 
31.8 690.177 3.4715 306.376 
31.9 690.129 3.4847 306.411 
32 690.081 3.49794 306.446 
32.1 690.032 3.51124 306.481 
32.2 689.984 3.52458 306.516 
32.3 689.935 3.53797 306.552 
32.4 689.887 3.55141 306.587 
32.5 689.838 3.56489 306.623 
32.6 689.788 3.57842 306.659 
32.7 689.739 3.592 306.695 
32.8 689.689 3.60563 306.731 
32.9 689.64 3.6193 306.767 
33 689.59 3.63303 306.803 
33.1 689.54 3.6468 306.84 
33.2 689.489 3.66062 306.876 
33.3 689.439 3.67449 306.913 
33.4 689.388 3.68841 306.95 
33.5 689.337 3.70237 306.987 
33.6 689.286 3.71639 307.024 
33.7 689.235 3.73046 307.061 
33.8 689.184 3.74457 307.099 
33.9 689.132 3.75873 307.136 
34 689.08 3.77295 307.174 
34.1 689.028 3.78721 307.212 
34.2 688.976 3.80153 307.25 
34.3 688.924 3.81589 307.288 
34.4 688.871 3.8303 307.326 
34.5 688.818 3.84477 307.365 
34.6 688.765 3.85928 307.403 
34.7 688.712 3.87385 307.442 
34.8 688.659 3.88847 307.481 
34.9 688.605 3.90313 307.52 
35 688.552 3.91785 307.559 
35.1 688.498 3.93262 307.599 
35.2 688.443 3.94745 307.638 
35.3 688.389 3.96232 307.678 
35.4 688.335 3.97724 307.717 
35.5 688.28 3.99222 307.757 
35.6 688.225 4.00725 307.797 
35.7 688.17 4.02233 307.838 
35.8 688.114 4.03746 307.878 
35.9 688.059 4.05265 307.919 
36 688.003 4.06789 307.959 
36.1 687.947 4.08318 308 
36.2 687.891 4.09852 308.041 
36.3 687.834 4.11392 308.082 
36.4 687.778 4.12937 308.124 
36.5 687.721 4.14487 308.165 
36.6 687.664 4.16043 308.207 
36.7 687.607 4.17604 308.248 
36.8 687.549 4.1917 308.29 
36.9 687.492 4.20742 308.332 
37 687.434 4.22319 308.375 
37.1 687.376 4.23902 308.417 
37.2 687.318 4.2549 308.46 
37.3 687.259 4.27084 308.502 
37.4 687.2 4.28683 308.545 
37.5 687.141 4.30287 308.588 
37.6 687.082 4.31897 308.631 
37.7 687.023 4.33513 308.675 
37.8 686.963 4.35134 308.718 
37.9 686.904 4.3676 308.762 
38 686.844 4.38392 308.806 
38.1 686.783 4.4003 308.85 
38.2 686.723 4.41673 308.894 
38.3 686.662 4.43322 308.938 
38.4 686.601 4.44977 308.983 
38.5 686.54 4.46637 309.027 
38.6 686.479 4.48302 309.072 
38.7 686.417 4.49974 309.117 
38.8 686.356 4.51651 309.162 
38.9 686.294 4.53334 309.208 
39 686.231 4.55022 309.253 
39.1 686.169 4.56717 309.299 
39.2 686.106 4.58416 309.345 
39.3 686.043 4.60122 309.391 
39.4 685.98 4.61834 309.437 
39.5 685.917 4.63551 309.483 
39.6 685.853 4.65274 309.53 
39.7 685.789 4.67003 309.576 
39.8 685.725 4.68737 309.623 
39.9 685.661 4.70478 309.67 
40 685.597 4.72224 309.718 
40.1 685.532 4.73977 309.765 
40.2 685.467 4.75735 309.813 
40.3 685.402 4.77499 309.86 
40.4 685.336 4.79269 309.908 
40.5 685.27 4.81045 309.956 
40.6 685.205 4.82827 310.005 
40.7 685.138 4.84614 310.053 
40.8 685.072 4.86408 310.102 
40.9 685.005 4.88208 310.151 
41 684.938 4.90014 310.2 
41.1 684.871 4.91825 310.249 
41.2 684.804 4.93643 310.298 
41.3 684.736 4.95467 310.348 
41.4 684.668 4.97297 310.397 
41.5 684.6 4.99133 310.447 
41.6 684.532 5.00975 310.497 
41.7 684.463 5.02823 310.548 
41.8 684.395 5.04678 310.598 
41.9 684.326 5.06538 310.649 
42 684.256 5.08405 310.7 
42.1 684.187 5.10278 310.751 
42.2 684.117 5.12157 310.802 
42.3 684.047 5.14042 310.853 
42.4 683.976 5.15933 310.905 
42.5 683.906 5.17831 310.957 
42.6 683.835 5.19735 311.009 
42.7 683.764 5.21645 311.061 
42.8 683.693 5.23562 311.113 
42.9 683.621 5.25484 311.166 
43 683.549 5.27413 311.218 
43.1 683.477 5.29349 311.271 
43.2 683.405 5.3129 311.325 
43.3 683.332 5.33239 311.378 
43.4 683.259 5.35193 311.431 
43.5 683.186 5.37154 311.485 
43.6 683.113 5.39121 311.539 
43.7 683.039 5.41095 311.593 
43.8 682.965 5.43075 311.647 
43.9 682.891 5.45061 311.702 
44 682.816 5.47054 311.757 
44.1 682.742 5.49053 311.812 
44.2 682.667 5.51059 311.867 
44.3 682.592 5.53072 311.922 
44.4 682.516 5.5509 311.977 
44.5 682.44 5.57116 312.033 
44.6 682.364 5.59148 312.089 
44.7 682.288 5.61186 312.145 
44.8 682.211 5.63231 312.202 
44.9 682.135 5.65283 312.258 
45 682.057 5.67341 312.315 
45.1 681.98 5.69406 312.372 
45.2 681.902 5.71478 312.429 
45.3 681.824 5.73556 312.486 
45.4 681.746 5.75641 312.544 
45.5 681.668 5.77732 312.602 
45.6 681.589 5.79831 312.66 
45.7 681.51 5.81935 312.718 
45.8 681.431 5.84047 312.776 
45.9 681.351 5.86165 312.835 
46 681.271 5.88291 312.894 
46.1 681.191 5.90422 312.953 
46.2 681.111 5.92561 313.012 
46.3 681.03 5.94706 313.071 
46.4 680.949 5.96859 313.131 
46.5 680.867 5.99018 313.191 
46.6 680.786 6.01184 313.251 
46.7 680.704 6.03356 313.311 
46.8 680.622 6.05536 313.372 
46.9 680.54 6.07722 313.433 
47 680.457 6.09916 313.494 
47.1 680.374 6.12116 313.555 
47.2 680.29 6.14323 313.616 
47.3 680.207 6.16537 313.678 
47.4 680.123 6.18758 313.74 
47.5 680.039 6.20986 313.802 
47.6 679.954 6.23221 313.864 
47.7 679.87 6.25463 313.927 
47.8 679.785 6.27712 313.99 
47.9 679.699 6.29968 314.053 
48 679.614 6.32231 314.116 
48.1 679.528 6.34501 314.179 
48.2 679.441 6.36778 314.243 
48.3 679.355 6.39063 314.307 
48.4 679.268 6.41354 314.371 
48.5 679.181 6.43652 314.435 
48.6 679.094 6.45958 314.5 
48.7 679.006 6.4827 314.565 
48.8 678.918 6.5059 314.63 
48.9 678.829 6.52917 314.695 
49 678.741 6.55251 314.761 
49.1 678.652 6.57592 314.826 
49.2 678.563 6.59941 314.892 
49.3 678.473 6.62296 314.959 
49.4 678.383 6.64659 315.025 
49.5 678.293 6.67029 315.092 
49.6 678.202 6.69407 315.159 
49.7 678.112 6.71791 315.226 
49.8 678.021 6.74183 315.293 
49.9 677.929 6.76582 315.361 
50 677.837 6.78989 315.429 
50.1 677.745 6.81402 315.497 
50.2 677.653 6.83823 315.565 
50.3 677.56 6.86252 315.634 
50.4 677.467 6.88688 315.703 
50.5 677.374 6.91131 315.772 
50.6 677.28 6.93581 315.841 
50.7 677.186 6.96039 315.911 
50.8 677.092 6.98504 315.981 
50.9 676.998 7.00977 316.051 
51 676.903 7.03457 316.121 
51.1 676.807 7.05945 316.192 
51.2 676.712 7.0844 316.263 
51.3 676.616 7.10942 316.334 
51.4 676.52 7.13452 316.405 
51.5 676.423 7.15969 316.477 
51.6 676.326 7.18494 316.549 
51.7 676.229 7.21027 316.621 
51.8 676.132 7.23566 316.693 
51.9 676.034 7.26114 316.766 
52 675.936 7.28669 316.839 
52.1 675.837 7.31231 316.912 
52.2 675.738 7.33802 316.985 
52.3 675.639 7.36379 317.059 
52.4 675.54 7.38964 317.133 
52.5 675.44 7.41557 317.207 
52.6 675.34 7.44158 317.281 
52.7 675.239 7.46766 317.356 
52.8 675.138 7.49382 317.431 
52.9 675.037 7.52005 317.506 
53 674.936 7.54636 317.581 
53.1 674.834 7.57275 317.657 
53.2 674.731 7.59921 317.733 
53.3 674.629 7.62575 317.809 
53.4 674.526 7.65237 317.886 
53.5 674.423 7.67907 317.963 
53.6 674.319 7.70584 318.04 
53.7 674.215 7.73269 318.117 
53.8 674.111 7.75961 318.195 
53.9 674.006 7.78662 318.273 
54 673.901 7.8137 318.351 
54.1 673.796 7.84086 318.429 
54.2 673.69 7.8681 318.508 
54.3 673.584 7.89541 318.587 
54.4 673.478 7.92281 318.666 
54.5 673.371 7.95028 318.746 
54.6 673.264 7.97783 318.825 
54.7 673.157 8.00546 318.905 
54.8 673.049 8.03316 318.986 
54.9 672.941 8.06095 319.066 
55 672.832 8.08881 319.147 
55.1 672.724 8.11676 319.228 
55.2 672.614 8.14478 319.31 
55.3 672.505 8.17288 319.392 
55.4 672.395 8.20106 319.474 
55.5 672.285 8.22932 319.556 
55.6 672.174 8.25765 319.638 
55.7 672.063 8.28607 319.721 
55.8 671.952 8.31457 319.804 
55.9 671.84 8.34314 319.888 
56 671.728 8.3718 319.972 
56.1 671.615 8.40053 320.056 
56.2 671.502 8.42935 320.14 
56.3 671.389 8.45824 320.224 
56.4 671.276 8.48721 320.309 
56.5 671.162 8.51627 320.394 
56.6 671.047 8.5454 320.48 
56.7 670.933 8.57461 320.566 
56.8 670.818 8.60391 320.652 
56.9 670.702 8.63328 320.738 
57 670.586 8.66274 320.825 
57.1 670.47 8.69227 320.912 
57.2 670.354 8.72189 320.999 
57.3 670.237 8.75158 321.086 
57.4 670.119 8.78136 321.174 
57.5 670.002 8.81122 321.262 
57.6 669.884 8.84115 321.351 
57.7 669.765 8.87117 321.439 
57.8 669.646 8.90127 321.528 
57.9 669.527 8.93145 321.618 
58 669.408 8.96171 321.707 
58.1 669.288 8.99205 321.797 
58.2 669.167 9.02248 321.887 
58.3 669.046 9.05298 321.978 
58.4 668.925 9.08357 322.069 
58.5 668.804 9.11423 322.16 
58.6 668.682 9.14498 322.251 
58.7 668.56 9.17581 322.343 
58.8 668.437 9.20672 322.435 
58.9 668.314 9.23772 322.528 
59 668.19 9.26879 322.62 
59.1 668.067 9.29994 322.713 
59.2 667.942 9.33118 322.807 
59.3 667.818 9.3625 322.9 
59.4 667.693 9.3939 322.994 
59.5 667.567 9.42538 323.088 
59.6 667.441 9.45695 323.183 
59.7 667.315 9.48859 323.278 
59.8 667.188 9.52032 323.373 
59.9 667.061 9.55213 323.469 
60 666.934 9.58402 323.564 
60.1 666.806 9.616 323.661 
60.2 666.678 9.64805 323.757 
60.3 666.549 9.68019 323.854 
60.4 666.42 9.71241 323.951 
60.5 666.291 9.74471 324.048 
60.6 666.161 9.77709 324.146 
60.7 666.031 9.80956 324.244 
60.8 665.9 9.84211 324.343 
60.9 665.769 9.87474 324.442 
61 665.637 9.90745 324.541 
61.1 665.505 9.94024 324.64 
61.2 665.373 9.97312 324.74 
61.3 665.24 10.0061 324.84 
61.4 665.107 10.0391 324.94 
61.5 664.974 10.0722 325.041 
61.6 664.84 10.1055 325.142 
61.7 664.705 10.1387 325.243 
61.8 664.571 10.1721 325.345 
61.9 664.435 10.2056 325.447 
62 664.3 10.2391 325.55 
62.1 664.164 10.2727 325.652 
62.2 664.027 10.3064 325.755 
62.3 663.89 10.3402 325.859 
62.4 663.753 10.3741 325.962 
62.5 663.615 10.408 326.067 
62.6 663.477 10.442 326.171 
62.7 663.339 10.4762 326.276 
62.8 663.2 10.5103 326.381 
62.9 663.06 10.5446 326.486 
63 662.921 10.579 326.592 
63.1 662.78 10.6134 326.698 
63.2 662.64 10.6479 326.805 
63.3 662.498 10.6826 326.911 
63.4 662.357 10.7172 327.019 
63.5 662.215 10.752 327.126 
63.6 662.073 10.7869 327.234 
63.7 661.93 10.8218 327.342 
63.8 661.786 10.8568 327.451 
63.9 661.643 10.8919 327.56 
64 661.499 10.9271 327.669 
64.1 661.354 10.9624 327.779 
64.2 661.209 10.9977 327.889 
64.3 661.064 11.0331 327.999 
64.4 660.918 11.0686 328.11 
64.5 660.771 11.1042 328.221 
64.6 660.625 11.1399 328.332 
64.7 660.477 11.1757 328.444 
64.8 660.33 11.2115 328.556 
64.9 660.182 11.2474 328.668 
65 660.033 11.2834 328.781 
65.1 659.884 11.3195 328.894 
65.2 659.735 11.3556 329.008 
65.3 659.585 11.3919 329.122 
65.4 659.435 11.4282 329.236 
65.5 659.284 11.4646 329.351 
65.6 659.133 11.5011 329.466 
65.7 658.981 11.5377 329.581 
65.8 658.829 11.5743 329.697 
65.9 658.677 11.6111 329.813 
66 658.524 11.6479 329.93 
66.1 658.37 11.6848 330.046 
66.2 658.217 11.7217 330.164 
66.3 658.062 11.7588 330.281 
66.4 657.907 11.7959 330.399 
66.5 657.752 11.8332 330.518 
66.6 657.597 11.8704 330.636 
66.7 657.44 11.9078 330.755 
66.8 657.284 11.9453 330.875 
66.9 657.127 11.9828 330.995 
67 656.969 12.0204 331.115 
67.1 656.811 12.0581 331.235 
67.2 656.653 12.0959 331.356 
67.3 656.494 12.1338 331.478 
67.4 656.335 12.1717 331.599 
67.5 656.175 12.2097 331.721 
67.6 656.015 12.2478 331.844 
67.7 655.854 12.286 331.967 
67.8 655.693 12.3243 332.09 
67.9 655.531 12.3626 332.214 
68 655.369 12.401 332.338 
68.1 655.207 12.4395 332.462 
68.2 655.044 12.4781 332.587 
68.3 654.88 12.5167 332.712 
68.4 654.716 12.5555 332.838 
68.5 654.552 12.5943 332.964 
68.6 654.387 12.6332 333.09 
68.7 654.222 12.6721 333.217 
68.8 654.056 12.7112 333.344 
68.9 653.89 12.7503 333.471 
69 653.723 12.7895 333.599 
69.1 653.556 12.8288 333.727 
69.2 653.388 12.8681 333.856 
69.3 653.22 12.9076 333.985 
69.4 653.051 12.9471 334.115 
69.5 652.882 12.9867 334.244 
69.6 652.713 13.0263 334.375 
69.7 652.542 13.0661 334.505 
69.8 652.372 13.1059 334.636 
69.9 652.201 13.1458 334.768 
70 652.029 13.1858 334.9 
70.1 651.858 13.2258 335.032 
70.2 651.685 13.2659 335.165 
70.3 651.512 13.3061 335.298 
70.4 651.339 13.3464 335.431 
70.5 651.165 13.3867 335.565 
70.6 650.991 13.4272 335.699 
70.7 650.816 13.4677 335.834 
70.8 650.64 13.5082 335.969 
70.9 650.465 13.5489 336.105 
71 650.288 13.5896 336.241 
71.1 650.112 13.6304 336.377 
71.2 649.934 13.6713 336.514 
71.3 649.757 13.7122 336.651 
71.4 649.579 13.7533 336.788 
71.5 649.4 13.7944 336.926 
71.6 649.221 13.8355 337.064 
71.7 649.041 13.8768 337.203 
71.8 648.861 13.9181 337.342 
71.9 648.68 13.9595 337.482 
72 648.499 14.0009 337.622 
72.1 648.318 14.0425 337.762 
72.2 648.136 14.0841 337.903 
72.3 647.953 14.1257 338.045 
72.4 647.77 14.1675 338.186 
72.5 647.586 14.2093 338.328 
72.6 647.402 14.2512 338.471 
72.7 647.218 14.2932 338.614 
72.8 647.033 14.3352 338.757 
72.9 646.847 14.3773 338.901 
73 646.661 14.4195 339.045 
73.1 646.475 14.4617 339.19 
73.2 646.288 14.504 339.335 
73.3 646.1 14.5464 339.48 
73.4 645.912 14.5888 339.626 
73.5 645.724 14.6314 339.772 
73.6 645.535 14.674 339.919 
73.7 645.346 14.7166 340.066 
73.8 645.156 14.7593 340.214 
73.9 644.965 14.8021 340.362 
74 644.774 14.845 340.51 
74.1 644.583 14.8879 340.659 
74.2 644.391 14.9309 340.809 
74.3 644.198 14.974 340.958 
74.4 644.005 15.0171 341.108 
74.5 643.812 15.0603 341.259 
74.6 643.618 15.1035 341.41 
74.7 643.424 15.1469 341.562 
74.8 643.229 15.1903 341.713 
74.9 643.033 15.2337 341.866 
75 642.837 15.2772 342.019 
75.1 642.641 15.3208 342.172 
75.2 642.444 15.3645 342.325 
75.3 642.247 15.4082 342.48 
75.4 642.049 15.4519 342.634 
75.5 641.85 15.4958 342.789 
75.6 641.651 15.5397 342.944 
75.7 641.452 15.5836 343.1 
75.8 641.252 15.6277 343.257 
75.9 641.052 15.6718 343.413 
76 640.851 15.7159 343.57 
76.1 640.649 15.7601 343.728 
76.2 640.447 15.8044 343.886 
76.3 640.245 15.8487 344.045 
76.4 640.042 15.8931 344.203 
76.5 639.839 15.9375 344.363 
76.6 639.635 15.9821 344.523 
76.7 639.43 16.0266 344.683 
76.8 639.225 16.0713 344.844 
76.9 639.02 16.1159 345.005 
77 638.814 16.1607 345.166 
77.1 638.607 16.2055 345.328 
77.2 638.4 16.2503 345.491 
77.3 638.193 16.2952 345.654 
77.4 637.985 16.3402 345.817 
77.5 637.776 16.3852 345.981 
77.6 637.567 16.4303 346.145 
77.7 637.358 16.4755 346.31 
77.8 637.148 16.5207 346.475 
77.9 636.937 16.5659 346.641 
78 636.726 16.6112 346.807 
78.1 636.515 16.6566 346.974 
78.2 636.303 16.702 347.141 
78.3 636.09 16.7474 347.308 
78.4 635.877 16.7929 347.476 
78.5 635.664 16.8385 347.645 
78.6 635.449 16.8841 347.813 
78.7 635.235 16.9298 347.983 
78.8 635.02 16.9755 348.152 
78.9 634.804 17.0213 348.323 
79 634.588 17.0671 348.493 
79.1 634.372 17.1129 348.664 
79.2 634.154 17.1589 348.836 
79.3 633.937 17.2048 349.008 
79.4 633.719 17.2508 349.181 
79.5 633.5 17.2969 349.354 
79.6 633.281 17.343 349.527 
79.7 633.061 17.3892 349.701 
79.8 632.841 17.4354 349.875 
79.9 632.62 17.4816 350.05 
80 632.399 17.5279 350.225 
80.1 632.177 17.5742 350.401 
80.2 631.955 17.6206 350.577 
80.3 631.733 17.667 350.754 
80.4 631.509 17.7135 350.931 
80.5 631.286 17.76 351.109 
80.6 631.061 17.8066 351.287 
80.7 630.837 17.8532 351.465 
80.8 630.611 17.8998 351.644 
80.9 630.386 17.9465 351.824 
81 630.159 17.9932 352.004 
81.1 629.933 18.04 352.184 
81.2 629.705 18.0867 352.365 
81.3 629.478 18.1336 352.546 
81.4 629.249 18.1805 352.728 
81.5 629.02 18.2274 352.91 
81.6 628.791 18.2743 353.093 
81.7 628.561 18.3213 353.276 
81.8 628.331 18.3683 353.46 
81.9 628.1 18.4154 353.644 
82 627.869 18.4625 353.829 
82.1 627.637 18.5096 354.014 
82.2 627.405 18.5568 354.199 
82.3 627.172 18.604 354.386 
82.4 626.938 18.6512 354.572 
82.5 626.705 18.6985 354.759 
82.6 626.47 18.7458 354.946 
82.7 626.235 18.7931 355.134 
82.8 626 18.8405 355.323 
82.9 625.764 18.8878 355.512 
83 625.528 18.9353 355.701 
83.1 625.291 18.9827 355.891 
83.2 625.053 19.0302 356.081 
83.3 624.815 19.0777 356.272 
83.4 624.577 19.1252 356.463 
83.5 624.338 19.1728 356.655 
83.6 624.099 19.2204 356.847 
83.7 623.859 19.268 357.04 
83.8 623.618 19.3156 357.233 
83.9 623.378 19.3633 357.427 
84 623.136 19.411 357.621 
84.1 622.894 19.4587 357.815 
84.2 622.652 19.5064 358.01 
84.3 622.409 19.5542 358.206 
84.4 622.165 19.6019 358.402 
84.5 621.922 19.6497 358.598 
84.6 621.677 19.6976 358.795 
84.7 621.432 19.7454 358.993 
84.8 621.187 19.7933 359.191 
84.9 620.941 19.8411 359.389 
85 620.695 19.889 359.588 
85.1 620.448 19.9369 359.787 
85.2 620.2 19.9849 359.987 
85.3 619.952 20.0328 360.188 
85.4 619.704 20.0808 360.388 
85.5 619.455 20.1288 360.59 
85.6 619.206 20.1767 360.791 
85.7 618.956 20.2247 360.994 
85.8 618.705 20.2728 361.196 
85.9 618.455 20.3208 361.4 
86 618.203 20.3688 361.603 
86.1 617.951 20.4169 361.808 
86.2 617.699 20.4649 362.012 
86.3 617.446 20.513 362.217 
86.4 617.193 20.5611 362.423 
86.5 616.939 20.6092 362.629 
86.6 616.685 20.6573 362.836 
86.7 616.43 20.7054 363.043 
86.8 616.175 20.7535 363.25 
86.9 615.919 20.8016 363.458 
87 615.663 20.8497 363.667 
87.1 615.406 20.8978 363.876 
87.2 615.149 20.946 364.085 
87.3 614.891 20.9941 364.295 
87.4 614.633 21.0422 364.505 
87.5 614.374 21.0904 364.716 
87.6 614.115 21.1385 364.928 
87.7 613.856 21.1866 365.14 
87.8 613.595 21.2348 365.352 
87.9 613.335 21.2829 365.565 
88 613.074 21.331 365.778 
88.1 612.812 21.3792 365.992 
88.2 612.55 21.4273 366.206 
88.3 612.288 21.4754 366.421 
88.4 612.025 21.5235 366.636 
88.5 611.761 21.5716 366.852 
88.6 611.497 21.6197 367.068 
88.7 611.233 21.6678 367.285 
88.8 610.968 21.7159 367.502 
88.9 610.703 21.764 367.72 
89 610.437 21.8121 367.938 
89.1 610.171 21.8601 368.156 
89.2 609.904 21.9082 368.375 
89.3 609.637 21.9562 368.595 
89.4 609.369 22.0042 368.815 
89.5 609.101 22.0523 369.036 
89.6 608.832 22.1003 369.257 
89.7 608.563 22.1482 369.478 
89.8 608.293 22.1962 369.7 
89.9 608.023 22.2442 369.922 
90 607.753 22.2921 370.145 
90.1 607.482 22.34 370.369 
90.2 607.21 22.3879 370.593 
90.3 606.939 22.4358 370.817 
90.4 606.666 22.4837 371.042 
90.5 606.393 22.5315 371.267 
90.6 606.12 22.5793 371.493 
90.7 605.846 22.6271 371.719 
90.8 605.572 22.6749 371.946 
90.9 605.298 22.7227 372.173 
91 605.023 22.7704 372.401 
91.1 604.747 22.8181 372.629 
91.2 604.471 22.8658 372.858 
91.3 604.195 22.9134 373.087 
91.4 603.918 22.961 373.316 
91.5 603.64 23.0086 373.547 
91.6 603.363 23.0562 373.777 
91.7 603.084 23.1037 374.008 
91.8 602.806 23.1512 374.24 
91.9 602.527 23.1987 374.472 
92 602.247 23.2462 374.704 
92.1 601.967 23.2936 374.937 
92.2 601.687 23.3409 375.17 
92.3 601.406 23.3883 375.404 
92.4 601.124 23.4356 375.639 
92.5 600.843 23.4828 375.873 
92.6 600.56 23.5301 376.109 
92.7 600.278 23.5773 376.345 
92.8 599.995 23.6244 376.581 
92.9 599.711 23.6715 376.818 
93 599.427 23.7186 377.055 
93.1 599.143 23.7656 377.292 
93.2 598.858 23.8126 377.53 
93.3 598.573 23.8596 377.769 
93.4 598.287 23.9065 378.008 
93.5 598.001 23.9533 378.248 
93.6 597.715 24.0001 378.488 
93.7 597.428 24.0469 378.728 
93.8 597.141 24.0936 378.969 
93.9 596.853 24.1403 379.21 
94 596.565 24.1869 379.452 
94.1 596.276 24.2335 379.695 
94.2 595.987 24.28 379.938 
94.3 595.698 24.3265 380.181 
94.4 595.408 24.3729 380.424 
94.5 595.118 24.4193 380.669 
94.6 594.827 24.4656 380.913 
94.7 594.536 24.5118 381.158 
94.8 594.244 24.558 381.404 
94.9 593.953 24.6042 381.65 
95 593.66 24.6503 381.897 
95.1 593.368 24.6963 382.144 
95.2 593.075 24.7423 382.391 
95.3 592.781 24.7882 382.639 
95.4 592.487 24.834 382.887 
95.5 592.193 24.8798 383.136 
95.6 591.898 24.9256 383.385 
95.7 591.603 24.9712 383.635 
95.8 591.308 25.0168 383.885 
95.9 591.012 25.0624 384.136 
96 590.716 25.1078 384.387 
96.1 590.419 25.1532 384.638 
96.2 590.122 25.1986 384.89 
96.3 589.825 25.2438 385.143 
96.4 589.527 25.289 385.396 
96.5 589.229 25.3342 385.649 
96.6 588.93 25.3792 385.903 
96.7 588.631 25.4242 386.157 
96.8 588.332 25.4691 386.412 
96.9 588.032 25.514 386.667 
97 587.732 25.5587 386.922 
97.1 587.432 25.6034 387.179 
97.2 587.131 25.648 387.435 
97.3 586.83 25.6926 387.692 
97.4 586.528 25.7371 387.949 
97.5 586.226 25.7814 388.207 
97.6 585.924 25.8257 388.465 
97.7 585.621 25.87 388.724 
97.8 585.318 25.9141 388.983 
97.9 585.015 25.9582 389.243 
98 584.711 26.0021 389.503 
98.1 584.407 26.046 389.763 
98.2 584.103 26.0899 390.024 
98.3 583.798 26.1336 390.285 
98.4 583.493 26.1772 390.547 
98.5 583.187 26.2208 390.809 
98.6 582.881 26.2642 391.072 
98.7 582.575 26.3076 391.335 
98.8 582.269 26.3509 391.599 
98.9 581.962 26.3941 391.863 
99 581.655 26.4372 392.127 
99.1 581.347 26.4802 392.392 
99.2 581.039 26.5231 392.657 
99.3 580.731 26.566 392.923 
99.4 580.422 26.6087 393.189 
99.5 580.114 26.6513 393.455 
99.6 579.804 26.6939 393.722 
99.7 579.495 26.7363 393.99 
99.8 579.185 26.7786 394.257 
99.9 578.875 26.8209 394.526 
100 578.564 26.863 394.794 
100.1 578.253 26.9051 395.063 
100.2 577.942 26.947 395.333 
100.3 577.631 26.9888 395.603 
100.4 577.319 27.0306 395.873 
100.5 577.007 27.0722 396.144 
100.6 576.694 27.1137 396.415 
100.7 576.382 27.1552 396.686 
100.8 576.069 27.1965 396.958 
100.9 575.755 27.2377 397.231 
101 575.442 27.2788 397.503 
101.1 575.128 27.3198 397.777 
101.2 574.814 27.3606 398.05 
101.3 574.499 27.4014 398.324 
101.4 574.184 27.4421 398.599 
101.5 573.869 27.4826 398.874 
101.6 573.554 27.523 399.149 
101.7 573.238 27.5633 399.424 
101.8 572.922 27.6035 399.7 
101.9 572.606 27.6436 399.977 
102 572.289 27.6836 400.254 
102.1 571.972 27.7234 400.531 
102.2 571.655 27.7632 400.809 
102.3 571.338 27.8028 401.087 
102.4 571.02 27.8423 401.365 
102.5 570.702 27.8816 401.644 
102.6 570.384 27.9209 401.923 
102.7 570.065 27.96 402.203 
102.8 569.746 27.999 402.483 
102.9 569.427 28.0379 402.763 
103 569.108 28.0767 403.044 
103.1 568.788 28.1153 403.325 
103.2 568.469 28.1538 403.606 
103.3 568.149 28.1922 403.888 
103.4 567.828 28.2304 404.171 
103.5 567.508 28.2685 404.453 
103.6 567.187 28.3065 404.736 
103.7 566.866 28.3444 405.02 
103.8 566.544 28.3821 405.304 
103.9 566.223 28.4197 405.588 
104 565.901 28.4571 405.873 
104.1 565.579 28.4944 406.157 
104.2 565.256 28.5316 406.443 
104.3 564.934 28.5687 406.728 
104.4 564.611 28.6056 407.015 
104.5 564.288 28.6424 407.301 
104.6 563.965 28.679 407.588 
104.7 563.641 28.7155 407.875 
104.8 563.318 28.7519 408.162 
104.9 562.994 28.7881 408.45 
105 562.67 28.8242 408.739 
105.1 562.345 28.8601 409.027 
105.2 562.021 28.8959 409.316 
105.3 561.696 28.9316 409.605 
105.4 561.371 28.9671 409.895 
105.5 561.046 29.0025 410.185 
105.6 560.72 29.0377 410.475 
105.7 560.394 29.0728 410.766 
105.8 560.069 29.1077 411.057 
105.9 559.743 29.1425 411.349 
106 559.416 29.1771 411.64 
106.1 559.09 29.2116 411.933 
106.2 558.763 29.2459 412.225 
106.3 558.436 29.2801 412.518 
106.4 558.109 29.3141 412.811 
106.5 557.782 29.348 413.104 
106.6 557.455 29.3817 413.398 
106.7 557.127 29.4153 413.692 
106.8 556.799 29.4487 413.987 
106.9 556.472 29.482 414.282 
107 556.143 29.5151 414.577 
107.1 555.815 29.548 414.872 
107.2 555.487 29.5808 415.168 
107.3 555.158 29.6135 415.464 
107.4 554.829 29.6459 415.761 
107.5 554.5 29.6782 416.058 
107.6 554.171 29.7104 416.355 
107.7 553.842 29.7424 416.652 
107.8 553.512 29.7742 416.95 
107.9 553.183 29.8059 417.248 
108 552.853 29.8374 417.546 
108.1 552.523 29.8687 417.845 
108.2 552.193 29.8999 418.144 
108.3 551.863 29.9309 418.443 
108.4 551.532 29.9618 418.743 
108.5 551.202 29.9925 419.043 
108.6 550.871 30.023 419.343 
108.7 550.541 30.0533 419.644 
108.8 550.21 30.0835 419.944 
108.9 549.879 30.1135 420.246 
109 549.547 30.1434 420.547 
109.1 549.216 30.173 420.849 
109.2 548.885 30.2025 421.151 
109.3 548.553 30.2319 421.453 
109.4 548.221 30.261 421.756 
109.5 547.89 30.29 422.059 
109.6 547.558 30.3188 422.362 
109.7 547.226 30.3474 422.665 
109.8 546.894 30.3759 422.969 
109.9 546.561 30.4042 423.273 
110 546.229 30.4323 423.577 
110.1 545.897 30.4602 423.882 
110.2 545.564 30.488 424.187 
110.3 545.231 30.5156 424.492 
110.4 544.899 30.543 424.797 
110.5 544.566 30.5702 425.103 
110.6 544.233 30.5972 425.409 
110.7 543.9 30.6241 425.715 
110.8 543.567 30.6508 426.022 
110.9 543.233 30.6773 426.329 
111 542.9 30.7036 426.636 
111.1 542.567 30.7298 426.943 
111.2 542.233 30.7557 427.25 
111.3 541.9 30.7815 427.558 
111.4 541.566 30.8071 427.866 
111.5 541.232 30.8325 428.175 
111.6 540.899 30.8577 428.483 
111.7 540.565 30.8827 428.792 
111.8 540.231 30.9076 429.101 
111.9 539.897 30.9322 429.411 
112 539.563 30.9567 429.72 
112.1 539.229 30.981 430.03 
112.2 538.895 31.0051 430.34 
112.3 538.561 31.029 430.65 
112.4 538.226 31.0527 430.961 
112.5 537.892 31.0763 431.272 
112.6 537.558 31.0996 431.583 
112.7 537.223 31.1228 431.894 
112.8 536.889 31.1457 432.205 
112.9 536.555 31.1685 432.517 
113 536.22 31.1911 432.829 
113.1 535.886 31.2135 433.141 
113.2 535.551 31.2357 433.453 
113.3 535.217 31.2577 433.766 
113.4 534.882 31.2795 434.079 
113.5 534.547 31.3011 434.392 
113.6 534.213 31.3225 434.705 
113.7 533.878 31.3437 435.018 
113.8 533.543 31.3647 435.332 
113.9 533.209 31.3856 435.646 
114 532.874 31.4062 435.96 
114.1 532.539 31.4267 436.274 
114.2 532.205 31.4469 436.589 
114.3 531.87 31.4669 436.903 
114.4 531.535 31.4868 437.218 
114.5 531.2 31.5064 437.533 
114.6 530.866 31.5259 437.848 
114.7 530.531 31.5451 438.164 
114.8 530.196 31.5642 438.48 
114.9 529.862 31.583 438.795 
115 529.527 31.6017 439.111 
115.1 529.192 31.6201 439.428 
115.2 528.857 31.6384 439.744 
115.3 528.523 31.6564 440.061 
115.4 528.188 31.6743 440.377 
115.5 527.854 31.6919 440.694 
115.6 527.519 31.7094 441.011 
115.7 527.184 31.7266 441.329 
115.8 526.85 31.7436 441.646 
115.9 526.515 31.7605 441.964 
116 526.181 31.7771 442.281 
116.1 525.847 31.7935 442.599 
116.2 525.512 31.8098 442.917 
116.3 525.178 31.8258 443.236 
116.4 524.844 31.8416 443.554 
116.5 524.509 31.8572 443.873 
116.6 524.175 31.8726 444.191 
116.7 523.841 31.8878 444.51 
116.8 523.507 31.9028 444.829 
116.9 523.173 31.9176 445.148 
117 522.839 31.9322 445.468 
117.1 522.505 31.9465 445.787 
117.2 522.171 31.9607 446.107 
117.3 521.837 31.9747 446.427 
117.4 521.504 31.9884 446.747 
117.5 521.17 32.002 447.067 
117.6 520.837 32.0153 447.387 
117.7 520.503 32.0284 447.707 
117.8 520.17 32.0413 448.027 
117.9 519.836 32.054 448.348 
118 519.503 32.0665 448.669 
118.1 519.17 32.0788 448.989 
118.2 518.837 32.0909 449.31 
118.3 518.504 32.1028 449.631 
118.4 518.171 32.1145 449.952 
118.5 517.838 32.1259 450.274 
118.6 517.505 32.1372 450.595 
118.7 517.173 32.1482 450.917 
118.8 516.84 32.159 451.238 
118.9 516.508 32.1697 451.56 
119 516.175 32.1801 451.882 
119.1 515.843 32.1903 452.204 
119.2 515.511 32.2002 452.526 
119.3 515.179 32.21 452.848 
119.4 514.847 32.2196 453.17 
119.5 514.516 32.2289 453.492 
119.6 514.184 32.2381 453.815 
119.7 513.852 32.247 454.137 
119.8 513.521 32.2557 454.46 
119.9 513.19 32.2642 454.782 
120 512.859 32.2725 455.105 
120.1 512.527 32.2806 455.428 
120.2 512.197 32.2885 455.751 
120.3 511.866 32.2962 456.074 
120.4 511.535 32.3036 456.397 
120.5 511.205 32.3109 456.72 
120.6 510.874 32.3179 457.043 
120.7 510.544 32.3247 457.366 
120.8 510.214 32.3313 457.689 
120.9 509.884 32.3377 458.013 
121 509.554 32.3439 458.336 
121.1 509.225 32.3498 458.66 
121.2 508.895 32.3556 458.983 
121.3 508.566 32.3611 459.307 
121.4 508.237 32.3665 459.631 
121.5 507.908 32.3716 459.954 
121.6 507.579 32.3765 460.278 
121.7 507.25 32.3812 460.602 
121.8 506.922 32.3857 460.926 
121.9 506.593 32.3899 461.25 
122 506.265 32.394 461.574 
122.1 505.937 32.3978 461.898 
122.2 505.61 32.4015 462.222 
122.3 505.282 32.4049 462.546 
122.4 504.954 32.4081 462.87 
122.5 504.627 32.4111 463.194 
122.6 504.3 32.4139 463.518 
122.7 503.973 32.4165 463.842 
122.8 503.646 32.4188 464.166 
122.9 503.32 32.421 464.491 
123 502.993 32.4229 464.815 
123.1 502.667 32.4247 465.139 
123.2 502.341 32.4262 465.463 
123.3 502.015 32.4275 465.788 
123.4 501.69 32.4286 466.112 
123.5 501.365 32.4295 466.436 
123.6 501.039 32.4301 466.76 
123.7 500.714 32.4306 467.085 
123.8 500.39 32.4309 467.409 
123.9 500.065 32.4309 467.733 
124 499.741 32.4307 468.058 
124.1 499.417 32.4304 468.382 
124.2 499.093 32.4298 468.706 
124.3 498.769 32.429 469.031 
124.4 498.445 32.428 469.355 
124.5 498.122 32.4267 469.679 
124.6 497.799 32.4253 470.003 
124.7 497.476 32.4237 470.328 
124.8 497.154 32.4218 470.652 
124.9 496.831 32.4198 470.976 
125 496.509 32.4175 471.3 
125.1 496.187 32.415 471.624 
125.2 495.866 32.4124 471.948 
125.3 495.544 32.4095 472.273 
125.4 495.223 32.4064 472.597 
125.5 494.902 32.4031 472.921 
125.6 494.581 32.3996 473.245 
125.7 494.261 32.3958 473.569 
125.8 493.94 32.3919 473.893 
125.9 493.62 32.3878 474.216 
126 493.301 32.3834 474.54 
126.1 492.981 32.3789 474.864 
126.2 492.662 32.3741 475.188 
126.3 492.343 32.3692 475.511 
126.4 492.024 32.364 475.835 
126.5 491.706 32.3587 476.159 
126.6 491.388 32.3531 476.482 
126.7 491.07 32.3473 476.806 
126.8 490.752 32.3413 477.129 
126.9 490.434 32.3351 477.452 
127 490.117 32.3287 477.776 
127.1 489.8 32.3222 478.099 
127.2 489.484 32.3154 478.422 
127.3 489.167 32.3084 478.745 
127.4 488.851 32.3011 479.068 
127.5 488.536 32.2937 479.391 
127.6 488.22 32.2861 479.714 
127.7 487.905 32.2783 480.037 
127.8 487.59 32.2703 480.359 
127.9 487.275 32.2621 480.682 
128 486.961 32.2537 481.005 
128.1 486.647 32.2451 481.327 
128.2 486.333 32.2363 481.649 
128.3 486.019 32.2272 481.972 
128.4 485.706 32.218 482.294 
128.5 485.393 32.2086 482.616 
128.6 485.08 32.199 482.938 
128.7 484.768 32.1892 483.26 
128.8 484.456 32.1792 483.582 
128.9 484.144 32.169 483.903 
129 483.833 32.1586 484.225 
129.1 483.521 32.148 484.546 
129.2 483.21 32.1372 484.868 
129.3 482.9 32.1262 485.189 
129.4 482.59 32.115 485.51 
129.5 482.28 32.1036 485.831 
129.6 481.97 32.0921 486.152 
129.7 481.661 32.0803 486.473 
129.8 481.352 32.0683 486.794 
129.9 481.043 32.0562 487.114 
130 480.734 32.0438 487.435 
130.1 480.426 32.0313 487.755 
130.2 480.119 32.0185 488.075 
130.3 479.811 32.0056 488.395 
130.4 479.504 31.9925 488.715 
130.5 479.197 31.9792 489.035 
130.6 478.891 31.9657 489.355 
130.7 478.585 31.952 489.674 
130.8 478.279 31.9381 489.993 
130.9 477.973 31.924 490.313 
131 477.668 31.9098 490.632 
131.1 477.363 31.8953 490.951 
131.2 477.059 31.8807 491.27 
131.3 476.754 31.8659 491.588 
131.4 476.451 31.8509 491.907 
131.5 476.147 31.8357 492.225 
131.6 475.844 31.8203 492.543 
131.7 475.541 31.8047 492.861 
131.8 475.239 31.789 493.179 
131.9 474.937 31.773 493.497 
132 474.635 31.7569 493.815 
132.1 474.333 31.7406 494.132 
132.2 474.032 31.7241 494.449 
132.3 473.731 31.7075 494.766 
132.4 473.431 31.6906 495.083 
132.5 473.131 31.6736 495.4 
132.6 472.831 31.6564 495.716 
132.7 472.532 31.639 496.033 
132.8 472.233 31.6214 496.349 
132.9 471.934 31.6037 496.665 
133 471.636 31.5857 496.981 
133.1 471.338 31.5676 497.297 
133.2 471.04 31.5493 497.612 
133.3 470.743 31.5309 497.927 
133.4 470.446 31.5122 498.243 
133.5 470.15 31.4934 498.558 
133.6 469.854 31.4744 498.872 
133.7 469.558 31.4553 499.187 
133.8 469.262 31.4359 499.501 
133.9 468.967 31.4164 499.815 
134 468.673 31.3967 500.129 
134.1 468.378 31.3769 500.443 
134.2 468.085 31.3569 500.757 
134.3 467.791 31.3367 501.07 
134.4 467.498 31.3163 501.383 
134.5 467.205 31.2958 501.696 
134.6 466.913 31.275 502.009 
134.7 466.621 31.2542 502.321 
134.8 466.329 31.2331 502.634 
134.9 466.038 31.2119 502.946 
135 465.747 31.1905 503.258 
135.1 465.456 31.169 503.569 
135.2 465.166 31.1473 503.881 
135.3 464.876 31.1254 504.192 
135.4 464.587 31.1033 504.503 
135.5 464.298 31.0811 504.814 
135.6 464.009 31.0587 505.125 
135.7 463.721 31.0362 505.435 
135.8 463.433 31.0135 505.745 
135.9 463.146 30.9907 506.055 
136 462.859 30.9676 506.365 
136.1 462.572 30.9445 506.674 
136.2 462.286 30.9211 506.983 
136.3 462 30.8976 507.292 
136.4 461.714 30.874 507.601 
136.5 461.429 30.8501 507.91 
136.6 461.144 30.8262 508.218 
136.7 460.86 30.802 508.526 
136.8 460.576 30.7777 508.834 
136.9 460.293 30.7533 509.141 
137 460.01 30.7287 509.448 
137.1 459.727 30.704 509.755 
137.2 459.445 30.679 510.062 
137.3 459.163 30.654 510.369 
137.4 458.881 30.6288 510.675 
137.5 458.6 30.6034 510.981 
137.6 458.319 30.5779 511.287 
137.7 458.039 30.5522 511.592 
137.8 457.759 30.5264 511.898 
137.9 457.48 30.5005 512.203 
138 457.201 30.4744 512.507 
138.1 456.922 30.4481 512.812 
138.2 456.644 30.4217 513.116 
138.3 456.366 30.3952 513.42 
138.4 456.088 30.3685 513.724 
138.5 455.811 30.3416 514.027 
138.6 455.535 30.3146 514.33 
138.7 455.259 30.2875 514.633 
138.8 454.983 30.2603 514.936 
138.9 454.708 30.2328 515.238 
139 454.433 30.2053 515.54 
139.1 454.158 30.1776 515.842 
139.2 453.884 30.1498 516.143 
139.3 453.61 30.1218 516.445 
139.4 453.337 30.0937 516.746 
139.5 453.064 30.0654 517.046 
139.6 452.792 30.037 517.347 
139.7 452.52 30.0085 517.647 
139.8 452.248 29.9799 517.947 
139.9 451.977 29.9511 518.246 
140 451.706 29.9221 518.545 
140.1 451.436 29.8931 518.844 
140.2 451.166 29.8639 519.143 
140.3 450.897 29.8345 519.441 
140.4 450.627 29.8051 519.739 
140.5 450.359 29.7755 520.037 
140.6 450.091 29.7458 520.334 
140.7 449.823 29.7159 520.632 
140.8 449.556 29.6859 520.928 
140.9 449.289 29.6558 521.225 
141 449.022 29.6256 521.521 
141.1 448.756 29.5952 521.817 
141.2 448.49 29.5647 522.113 
141.3 448.225 29.5341 522.408 
141.4 447.961 29.5034 522.703 
141.5 447.696 29.4725 522.998 
141.6 447.432 29.4415 523.292 
141.7 447.169 29.4104 523.587 
141.8 446.906 29.3792 523.88 
141.9 446.643 29.3479 524.174 
142 446.381 29.3164 524.467 
142.1 446.119 29.2848 524.76 
142.2 445.858 29.2531 525.052 
142.3 445.597 29.2213 525.345 
142.4 445.337 29.1893 525.636 
142.5 445.077 29.1572 525.928 
142.6 444.817 29.1251 526.219 
142.7 444.558 29.0928 526.51 
142.8 444.299 29.0604 526.801 
142.9 444.041 29.0278 527.091 
143 443.783 28.9952 527.381 
143.1 443.526 28.9624 527.671 
143.2 443.269 28.9296 527.96 
143.3 443.013 28.8966 528.249 
143.4 442.757 28.8635 528.538 
143.5 442.501 28.8303 528.826 
143.6 442.246 28.797 529.114 
143.7 441.991 28.7636 529.401 
143.8 441.737 28.7301 529.689 
143.9 441.483 28.6965 529.976 
144 441.23 28.6628 530.262 
144.1 440.977 28.6289 530.549 
144.2 440.724 28.595 530.835 
144.3 440.472 28.5609 531.12 
144.4 440.221 28.5268 531.405 
144.5 439.97 28.4925 531.69 
144.6 439.719 28.4582 531.975 
144.7 439.469 28.4237 532.259 
144.8 439.219 28.3892 532.543 
144.9 438.969 28.3545 532.827 
145 438.72 28.3198 533.11 
145.1 438.472 28.2849 533.393 
145.2 438.224 28.25 533.675 
145.3 437.976 28.2149 533.957 
145.4 437.729 28.1798 534.239 
145.5 437.482 28.1446 534.521 
145.6 437.236 28.1092 534.802 
145.7 436.99 28.0738 535.082 
145.8 436.745 28.0383 535.363 
145.9 436.5 28.0027 535.643 
146 436.256 27.967 535.922 
146.1 436.012 27.9312 536.202 
146.2 435.768 27.8953 536.481 
146.3 435.525 27.8593 536.759 
146.4 435.282 27.8233 537.038 
146.5 435.04 27.7871 537.315 
146.6 434.798 27.7509 537.593 
146.7 434.557 27.7146 537.87 
146.8 434.316 27.6782 538.147 
146.9 434.076 27.6417 538.423 
147 433.836 27.6051 538.699 
147.1 433.596 27.5684 538.975 
147.2 433.357 27.5317 539.25 
147.3 433.118 27.4949 539.525 
147.4 432.88 27.458 539.8 
147.5 432.643 27.421 540.074 
147.6 432.405 27.3839 540.348 
147.7 432.168 27.3468 540.621 
147.8 431.932 27.3095 540.895 
147.9 431.696 27.2722 541.167 
148 431.461 27.2348 541.44 
148.1 431.226 27.1974 541.712 
148.2 430.991 27.1598 541.983 
148.3 430.757 27.1222 542.254 
148.4 430.523 27.0845 542.525 
148.5 430.29 27.0468 542.796 
148.6 430.057 27.0089 543.066 
148.7 429.825 26.971 543.335 
148.8 429.593 26.9331 543.605 
148.9 429.362 26.895 543.874 
149 429.131 26.8569 544.142 
149.1 428.9 26.8187 544.411 
149.2 428.67 26.7804 544.678 
149.3 428.441 26.7421 544.946 
149.4 428.212 26.7037 545.213 
149.5 427.983 26.6652 545.479 
149.6 427.755 26.6267 545.746 
149.7 427.527 26.5881 546.012 
149.8 427.3 26.5495 546.277 
149.9 427.073 26.5107 546.542 
150 426.846 26.472 546.807 
150.1 426.62 26.4331 547.071 
150.2 426.395 26.3942 547.335 
150.3 426.17 26.3552 547.599 
150.4 425.945 26.3162 547.862 
150.5 425.721 26.2771 548.125 
150.6 425.497 26.2379 548.387 
150.7 425.274 26.1987 548.649 
150.8 425.051 26.1594 548.911 
150.9 424.829 26.1201 549.172 
151 424.607 26.0807 549.433 
151.1 424.385 26.0413 549.693 
151.2 424.164 26.0018 549.953 
151.3 423.943 25.9622 550.213 
151.4 423.723 25.9226 550.472 
151.5 423.504 25.883 550.731 
151.6 423.284 25.8433 550.989 
151.7 423.066 25.8035 551.247 
151.8 422.847 25.7637 551.505 
151.9 422.629 25.7238 551.762 
152 422.412 25.6839 552.019 
152.1 422.195 25.6439 552.275 
152.2 421.978 25.6039 552.531 
152.3 421.762 25.5639 552.787 
152.4 421.547 25.5237 553.042 
152.5 421.332 25.4836 553.297 
152.6 421.117 25.4434 553.552 
152.7 420.903 25.4031 553.806 
152.8 420.689 25.3628 554.059 
152.9 420.475 25.3225 554.312 
153 420.262 25.2821 554.565 
153.1 420.05 25.2417 554.818 
153.2 419.838 25.2012 555.07 
153.3 419.626 25.1607 555.321 
153.4 419.415 25.1202 555.572 
153.5 419.204 25.0796 555.823 
153.6 418.994 25.0389 556.074 
153.7 418.784 24.9983 556.324 
153.8 418.575 24.9575 556.573 
153.9 418.366 24.9168 556.822 
154 418.157 24.876 557.071 
154.1 417.949 24.8352 557.32 
154.2 417.742 24.7943 557.567 
154.3 417.535 24.7534 557.815 
154.4 417.328 24.7125 558.062 
154.5 417.122 24.6716 558.309 
154.6 416.916 24.6306 558.555 
154.7 416.71 24.5895 558.801 
154.8 416.506 24.5485 559.047 
154.9 416.301 24.5074 559.292 
155 416.097 24.4662 559.536 
155.1 415.893 24.4251 559.781 
155.2 415.69 24.3839 560.024 
155.3 415.487 24.3427 560.268 
155.4 415.285 24.3014 560.511 
155.5 415.083 24.2602 560.753 
155.6 414.882 24.2189 560.996 
155.7 414.681 24.1775 561.237 
155.8 414.48 24.1362 561.479 
155.9 414.28 24.0948 561.72 
156 414.081 24.0534 561.96 
156.1 413.882 24.012 562.2 
156.2 413.683 23.9705 562.44 
156.3 413.484 23.9291 562.679 
156.4 413.287 23.8876 562.918 
156.5 413.089 23.846 563.157 
156.6 412.892 23.8045 563.395 
156.7 412.696 23.7629 563.632 
156.8 412.499 23.7213 563.87 
156.9 412.304 23.6797 564.106 
157 412.108 23.6381 564.343 
157.1 411.914 23.5965 564.579 
157.2 411.719 23.5548 564.814 
157.3 411.525 23.5131 565.049 
157.4 411.332 23.4714 565.284 
157.5 411.139 23.4297 565.518 
157.6 410.946 23.388 565.752 
157.7 410.754 23.3462 565.986 
157.8 410.562 23.3045 566.219 
157.9 410.371 23.2627 566.451 
158 410.18 23.2209 566.684 
158.1 409.989 23.1791 566.915 
158.2 409.799 23.1373 567.147 
158.3 409.61 23.0955 567.378 
158.4 409.42 23.0536 567.608 
158.5 409.232 23.0118 567.838 
158.6 409.043 22.9699 568.068 
158.7 408.855 22.928 568.297 
158.8 408.668 22.8862 568.526 
158.9 408.481 22.8443 568.755 
159 408.294 22.8024 568.983 
159.1 408.108 22.7605 569.21 
159.2 407.922 22.7185 569.437 
159.3 407.737 22.6766 569.664 
159.4 407.552 22.6347 569.891 
159.5 407.367 22.5928 570.116 
159.6 407.183 22.5508 570.342 
159.7 407 22.5089 570.567 
159.8 406.816 22.4669 570.792 
159.9 406.634 22.425 571.016 
160 406.451 22.383 571.24 
160.1 406.269 22.3411 571.463 
160.2 406.088 22.2991 571.686 
160.3 405.907 22.2571 571.909 
160.4 405.726 22.2152 572.131 
160.5 405.546 22.1732 572.353 
160.6 405.366 22.1312 572.574 
160.7 405.186 22.0893 572.795 
160.8 405.007 22.0473 573.015 
160.9 404.829 22.0053 573.235 
161 404.651 21.9634 573.455 
161.1 404.473 21.9214 573.674 
161.2 404.296 21.8795 573.893 
161.3 404.119 21.8375 574.111 
161.4 403.942 21.7955 574.329 
161.5 403.766 21.7536 574.547 
161.6 403.59 21.7116 574.764 
161.7 403.415 21.6697 574.981 
161.8 403.24 21.6278 575.197 
161.9 403.066 21.5858 575.413 
162 402.892 21.5439 575.628 
162.1 402.718 21.502 575.843 
162.2 402.545 21.4601 576.058 
162.3 402.372 21.4182 576.272 
162.4 402.2 21.3763 576.486 
162.5 402.028 21.3344 576.699 
162.6 401.857 21.2925 576.912 
162.7 401.685 21.2507 577.125 
162.8 401.515 21.2088 577.337 
162.9 401.344 21.167 577.548 
163 401.174 21.1251 577.76 
163.1 401.005 21.0833 577.971 
163.2 400.836 21.0415 578.181 
163.3 400.667 20.9997 578.391 
163.4 400.499 20.9579 578.601 
163.5 400.331 20.9161 578.81 
163.6 400.164 20.8744 579.018 
163.7 399.996 20.8326 579.227 
163.8 399.83 20.7909 579.435 
163.9 399.664 20.7491 579.642 
164 399.498 20.7074 579.849 
164.1 399.332 20.6657 580.056 
164.2 399.167 20.6241 580.262 
164.3 399.003 20.5824 580.468 
164.4 398.838 20.5408 580.673 
164.5 398.674 20.4991 580.878 
164.6 398.511 20.4575 581.083 
164.7 398.348 20.4159 581.287 
164.8 398.185 20.3744 581.491 
164.9 398.023 20.3328 581.694 
165 397.861 20.2913 581.897 
165.1 397.7 20.2498 582.1 
165.2 397.539 20.2083 582.302 
165.3 397.378 20.1668 582.503 
165.4 397.218 20.1253 582.705 
165.5 397.058 20.0839 582.905 
165.6 396.898 20.0425 583.106 
165.7 396.739 20.0011 583.306 
165.8 396.581 19.9597 583.505 
165.9 396.422 19.9184 583.705 
166 396.264 19.8771 583.903 
166.1 396.107 19.8358 584.102 
166.2 395.95 19.7945 584.3 
166.3 395.793 19.7532 584.497 
166.4 395.637 19.712 584.694 
166.5 395.481 19.6708 584.891 
166.6 395.325 19.6296 585.087 
166.7 395.17 19.5884 585.283 
166.8 395.015 19.5473 585.479 
166.9 394.861 19.5062 585.674 
167 394.706 19.4651 585.868 
167.1 394.553 19.4241 586.063 
167.2 394.4 19.3831 586.256 
167.3 394.247 19.3421 586.45 
167.4 394.094 19.3011 586.643 
167.5 393.942 19.2602 586.836 
167.6 393.79 19.2192 587.028 
167.7 393.639 19.1784 587.219 
167.8 393.488 19.1375 587.411 
167.9 393.337 19.0967 587.602 
168 393.187 19.0559 587.792 
168.1 393.037 19.0151 587.983 
168.2 392.888 18.9744 588.172 
168.3 392.739 18.9337 588.362 
168.4 392.59 18.893 588.551 
168.5 392.442 18.8524 588.739 
168.6 392.294 18.8118 588.927 
168.7 392.146 18.7712 589.115 
168.8 391.999 18.7306 589.302 
168.9 391.852 18.6901 589.489 
169 391.705 18.6496 589.676 
169.1 391.559 18.6092 589.862 
169.2 391.414 18.5688 590.047 
169.3 391.268 18.5284 590.233 
169.4 391.123 18.488 590.418 
169.5 390.979 18.4477 590.602 
169.6 390.834 18.4075 590.786 
169.7 390.691 18.3672 590.97 
169.8 390.547 18.327 591.153 
169.9 390.404 18.2868 591.336 
170 390.261 18.2467 591.518 
170.1 390.119 18.2066 591.7 
170.2 389.977 18.1665 591.882 
170.3 389.835 18.1265 592.063 
170.4 389.694 18.0865 592.244 
170.5 389.553 18.0466 592.425 
170.6 389.412 18.0067 592.605 
170.7 389.272 17.9668 592.784 
170.8 389.132 17.9269 592.964 
170.9 388.992 17.8871 593.143 
171 388.853 17.8474 593.321 
171.1 388.714 17.8077 593.499 
171.2 388.576 17.768 593.677 
171.3 388.438 17.7283 593.854 
171.4 388.3 17.6887 594.031 
171.5 388.163 17.6492 594.207 
171.6 388.026 17.6096 594.384 
171.7 387.889 17.5701 594.559 
171.8 387.753 17.5307 594.735 
171.9 387.617 17.4913 594.909 
172 387.481 17.4519 595.084 
172.1 387.346 17.4126 595.258 
172.2 387.211 17.3733 595.432 
172.3 387.077 17.3341 595.605 
172.4 386.942 17.2949 595.778 
172.5 386.809 17.2558 595.951 
172.6 386.675 17.2166 596.123 
172.7 386.542 17.1776 596.295 
172.8 386.409 17.1385 596.466 
172.9 386.277 17.0996 596.637 
173 386.145 17.0606 596.808 
173.1 386.013 17.0217 596.978 
173.2 385.881 16.9829 597.148 
173.3 385.75 16.9441 597.317 
173.4 385.62 16.9053 597.486 
173.5 385.489 16.8666 597.655 
173.6 385.359 16.8279 597.823 
173.7 385.229 16.7893 597.991 
173.8 385.1 16.7507 598.159 
173.9 384.971 16.7122 598.326 
174 384.842 16.6737 598.492 
174.1 384.714 16.6353 598.659 
174.2 384.586 16.5969 598.825 
174.3 384.458 16.5585 598.99 
174.4 384.331 16.5202 599.156 
174.5 384.204 16.4819 599.32 
174.6 384.077 16.4437 599.485 
174.7 383.951 16.4056 599.649 
174.8 383.825 16.3674 599.812 
174.9 383.7 16.3294 599.976 
175 383.574 16.2913 600.139 
175.1 383.449 16.2534 600.301 
175.2 383.325 16.2154 600.463 
175.3 383.2 16.1776 600.625 
175.4 383.076 16.1397 600.787 
175.5 382.953 16.1019 600.948 
175.6 382.829 16.0642 601.108 
175.7 382.706 16.0265 601.268 
175.8 382.584 15.9889 601.428 
175.9 382.461 15.9513 601.588 
176 382.339 15.9138 601.747 
176.1 382.218 15.8763 601.906 
176.2 382.096 15.8388 602.064 
176.3 381.975 15.8015 602.222 
176.4 381.855 15.7641 602.38 
176.5 381.734 15.7268 602.537 
176.6 381.614 15.6896 602.694 
176.7 381.494 15.6524 602.851 
176.8 381.375 15.6153 603.007 
176.9 381.256 15.5782 603.162 
177 381.137 15.5412 603.318 
177.1 381.019 15.5042 603.473 
177.2 380.9 15.4672 603.628 
177.3 380.783 15.4304 603.782 
177.4 380.665 15.3935 603.936 
177.5 380.548 15.3568 604.089 
177.6 380.431 15.32 604.243 
177.7 380.314 15.2834 604.395 
177.8 380.198 15.2467 604.548 
177.9 380.082 15.2102 604.7 
178 379.967 15.1737 604.852 
178.1 379.851 15.1372 605.003 
178.2 379.736 15.1008 605.154 
178.3 379.622 15.0644 605.305 
178.4 379.507 15.0281 605.455 
178.5 379.393 14.9919 605.605 
178.6 379.279 14.9557 605.755 
178.7 379.166 14.9195 605.904 
178.8 379.053 14.8835 606.053 
178.9 378.94 14.8474 606.201 
179 378.827 14.8114 606.349 
179.1 378.715 14.7755 606.497 
179.2 378.603 14.7396 606.644 
179.3 378.492 14.7038 606.791 
179.4 378.38 14.6681 606.938 
179.5 378.269 14.6323 607.084 
179.6 378.159 14.5967 607.23 
179.7 378.048 14.5611 607.376 
179.8 377.938 14.5255 607.521 
179.9 377.828 14.49 607.666 
180 377.719 14.4546 607.811 
180.1 377.61 14.4192 607.955 
180.2 377.501 14.3839 608.099 
180.3 377.392 14.3486 608.242 
180.4 377.284 14.3134 608.385 
180.5 377.176 14.2782 608.528 
180.6 377.068 14.2431 608.67 
180.7 376.961 14.2081 608.813 
180.8 376.854 14.1731 608.954 
180.9 376.747 14.1382 609.096 
181 376.64 14.1033 609.237 
181.1 376.534 14.0685 609.377 
181.2 376.428 14.0337 609.518 
181.3 376.322 13.999 609.658 
181.4 376.217 13.9643 609.797 
181.5 376.112 13.9297 609.937 
181.6 376.007 13.8952 610.076 
181.7 375.903 13.8607 610.214 
181.8 375.799 13.8263 610.352 
181.9 375.695 13.7919 610.49 
182 375.591 13.7576 610.628 
182.1 375.488 13.7233 610.765 
182.2 375.385 13.6891 610.902 
182.3 375.282 13.655 611.039 
182.4 375.179 13.6209 611.175 
182.5 375.077 13.5868 611.311 
182.6 374.975 13.5529 611.446 
182.7 374.874 13.5189 611.581 
182.8 374.772 13.4851 611.716 
182.9 374.671 13.4513 611.851 
183 374.57 13.4175 611.985 
183.1 374.47 13.3839 612.119 
183.2 374.37 13.3502 612.252 
183.3 374.27 13.3167 612.385 
183.4 374.17 13.2831 612.518 
183.5 374.071 13.2497 612.651 
183.6 373.971 13.2163 612.783 
183.7 373.873 13.183 612.915 
183.8 373.774 13.1497 613.046 
183.9 373.676 13.1165 613.177 
184 373.578 13.0833 613.308 
184.1 373.48 13.0502 613.439 
184.2 373.382 13.0171 613.569 
184.3 373.285 12.9841 613.699 
184.4 373.188 12.9512 613.828 
184.5 373.092 12.9183 613.957 
184.6 372.995 12.8855 614.086 
184.7 372.899 12.8528 614.215 
184.8 372.803 12.8201 614.343 
184.9 372.708 12.7874 614.471 
185 372.612 12.7549 614.599 
185.1 372.517 12.7223 614.726 
185.2 372.423 12.6899 614.853 
185.3 372.328 12.6575 614.979 
185.4 372.234 12.6251 615.105 
185.5 372.14 12.5928 615.231 
185.6 372.046 12.5606 615.357 
185.7 371.953 12.5285 615.482 
185.8 371.859 12.4963 615.607 
185.9 371.766 12.4643 615.732 
186 371.674 12.4323 615.856 
186.1 371.581 12.4004 615.98 
186.2 371.489 12.3685 616.104 
186.3 371.397 12.3367 616.227 
186.4 371.306 12.3049 616.35 
186.5 371.214 12.2732 616.473 
186.6 371.123 12.2416 616.595 
186.7 371.032 12.21 616.718 
186.8 370.942 12.1785 616.839 
186.9 370.851 12.1471 616.961 
187 370.761 12.1157 617.082 
187.1 370.671 12.0843 617.203 
187.2 370.582 12.053 617.323 
187.3 370.492 12.0218 617.444 
187.4 370.403 11.9907 617.563 
187.5 370.315 11.9596 617.683 
187.6 370.226 11.9285 617.802 
187.7 370.138 11.8975 617.921 
187.8 370.05 11.8666 618.04 
187.9 369.962 11.8358 618.158 
188 369.874 11.805 618.276 
188.1 369.787 11.7742 618.394 
188.2 369.7 11.7435 618.512 
188.3 369.613 11.7129 618.629 
188.4 369.526 11.6823 618.746 
188.5 369.44 11.6518 618.862 
188.6 369.354 11.6214 618.978 
188.7 369.268 11.591 619.094 
188.8 369.182 11.5607 619.21 
188.9 369.097 11.5304 619.325 
189 369.012 11.5002 619.44 
189.1 368.927 11.4701 619.555 
189.2 368.843 11.44 619.669 
189.3 368.758 11.4099 619.783 
189.4 368.674 11.38 619.897 
189.5 368.59 11.3501 620.011 
189.6 368.506 11.3202 620.124 
189.7 368.423 11.2904 620.237 
189.8 368.34 11.2607 620.349 
189.9 368.257 11.231 620.462 
190 368.174 11.2014 620.574 
190.1 368.092 11.1719 620.685 
190.2 368.009 11.1424 620.797 
190.3 367.927 11.1129 620.908 
190.4 367.846 11.0836 621.019 
190.5 367.764 11.0543 621.129 
190.6 367.683 11.025 621.24 
190.7 367.602 10.9958 621.349 
190.8 367.521 10.9667 621.459 
190.9 367.44 10.9376 621.569 
191 367.36 10.9086 621.678 
191.1 367.28 10.8796 621.786 
191.2 367.2 10.8507 621.895 
191.3 367.12 10.8219 622.003 
191.4 367.041 10.7931 622.111 
191.5 366.961 10.7644 622.219 
191.6 366.882 10.7357 622.326 
191.7 366.804 10.7071 622.433 
191.8 366.725 10.6786 622.54 
191.9 366.647 10.6501 622.646 
192 366.569 10.6217 622.753 
192.1 366.491 10.5933 622.859 
192.2 366.413 10.565 622.964 
192.3 366.336 10.5368 623.07 
192.4 366.258 10.5086 623.175 
192.5 366.182 10.4805 623.279 
192.6 366.105 10.4524 623.384 
192.7 366.028 10.4244 623.488 
192.8 365.952 10.3965 623.592 
192.9 365.876 10.3686 623.696 
193 365.8 10.3407 623.799 
193.1 365.724 10.313 623.902 
193.2 365.649 10.2853 624.005 
193.3 365.574 10.2576 624.108 
193.4 365.499 10.23 624.21 
193.5 365.424 10.2025 624.312 
193.6 365.349 10.175 624.414 
193.7 365.275 10.1476 624.515 
193.8 365.201 10.1202 624.617 
193.9 365.127 10.0929 624.718 
194 365.053 10.0657 624.818 
194.1 364.98 10.0385 624.919 
194.2 364.906 10.0114 625.019 
194.3 364.833 9.98433 625.119 
194.4 364.761 9.95732 625.218 
194.5 364.688 9.93037 625.317 
194.6 364.615 9.90349 625.416 
194.7 364.543 9.87666 625.515 
194.8 364.471 9.84989 625.614 
194.9 364.399 9.82317 625.712 
195 364.328 9.79652 625.81 
195.1 364.256 9.76992 625.908 
195.2 364.185 9.74338 626.005 
195.3 364.114 9.7169 626.102 
195.4 364.044 9.69048 626.199 
195.5 363.973 9.66412 626.296 
195.6 363.903 9.63781 626.392 
195.7 363.832 9.61157 626.488 
195.8 363.763 9.58538 626.584 
195.9 363.693 9.55925 626.68 
196 363.623 9.53317 626.775 
196.1 363.554 9.50716 626.87 
196.2 363.485 9.4812 626.965 
196.3 363.416 9.4553 627.059 
196.4 363.347 9.42946 627.154 
196.5 363.279 9.40367 627.248 
196.6 363.21 9.37795 627.342 
196.7 363.142 9.35228 627.435 
196.8 363.074 9.32667 627.528 
196.9 363.007 9.30111 627.621 
197 362.939 9.27562 627.714 
197.1 362.872 9.25018 627.807 
197.2 362.805 9.2248 627.899 
197.3 362.738 9.19947 627.991 
197.4 362.671 9.17421 628.083 
197.5 362.604 9.149 628.174 
197.6 362.538 9.12384 628.265 
197.7 362.472 9.09875 628.356 
197.8 362.406 9.07371 628.447 
197.9 362.34 9.04873 628.538 
198 362.275 9.0238 628.628 
198.1 362.209 8.99893 628.718 
198.2 362.144 8.97412 628.808 
198.3 362.079 8.94937 628.897 
198.4 362.014 8.92467 628.986 
198.5 361.95 8.90003 629.075 
198.6 361.885 8.87545 629.164 
198.7 361.821 8.85092 629.253 
198.8 361.757 8.82645 629.341 
198.9 361.693 8.80203 629.429 
199 361.629 8.77767 629.517 
199.1 361.566 8.75337 629.604 
199.2 361.503 8.72912 629.691 
199.3 361.439 8.70493 629.778 
199.4 361.376 8.6808 629.865 
199.5 361.314 8.65672 629.952 
199.6 361.251 8.6327 630.038 
199.7 361.189 8.60873 630.124 
199.8 361.127 8.58482 630.21 
199.9 361.065 8.56097 630.296 
200 361.003 8.53717 630.381 
